[[0. 0. 0. 0. 0. 0. 0. 0. 0. 0.]
 [0. 0. 0. 0. 0. 0. 0. 0. 0. 0.]
 [0. 0. 0. 0. 0. 0. 0. 0. 0. 0.]
 [0. 0. 0. 0. 0. 0. 0. 0. 0. 0.]
 [0. 0. 0. 1. 1. 1. 0. 0. 0. 0.]
 [0. 0. 0. 1. 1. 1. 0. 0. 0. 0.]
 [0. 0. 0. 1. 1. 1. 0. 0. 0. 0.]
 [0. 0. 0. 1. 1. 1. 0. 0. 0. 0.]
 [0. 0. 0. 0. 0. 0. 0. 0. 0. 0.]
 [0. 0. 0. 0. 0. 0. 0. 0. 0. 0.]]
[[ 1.  1.  1.  1.  1.  1.  1.  1.  1.  1.]
 [ 1.  1.  1.  1.  1.  1.  1.  1.  1.  1.]
 [ 1.  1.  1.  1.  1.  1.  1.  1.  1.  1.]
 [ 1.  1.  1.  1.  1.  1.  1.  1.  1.  1.]
 [ 1.  1.  1. inf inf inf  1.  1.  1.  1.]
 [ 1.  1.  1. inf inf inf  1.  1.  1.  1.]
 [ 1.  1.  1. inf inf inf  1.  1.  1.  1.]
 [ 1.  1.  1. inf inf inf  1.  1.  1.  1.]
 [ 1.  1.  1.  1.  1.  1.  1.  1.  1.  1.]
 [ 1.  1.  1.  1.  1.  1.  1.  1.  1.  1.]]
106 0
[[10.07106781  9.07106781  8.07106781  7.65685425  7.24264069  6.82842712  6.41421356  6.          6.41421356  6.82842712]
 [ 9.65685425  8.65685425  7.65685425  6.65685425  6.24264069  5.82842712  5.41421356  5.          5.41421356  5.82842712]
 [ 9.24264069  8.24264069  7.24264069  6.24264069  5.24264069  4.82842712  4.41421356  4.          4.41421356  4.82842712]
 [ 8.82842712  7.82842712  6.82842712  5.82842712  4.82842712  3.82842712  3.41421356  3.          3.41421356  3.82842712]
 [ 9.24264069  8.24264069  7.24264069         inf         inf         inf  2.41421356  2.          2.41421356  2.82842712]
 [ 9.07106781  8.65685425  8.24264069         inf         inf         inf  1.41421356  1.          1.41421356  2.41421356]
 [ 8.65685425  7.65685425  7.24264069         inf         inf         inf  1.          0.          1.          2.        ]
 [ 8.24264069  7.24264069  6.24264069         inf         inf         inf  1.41421356  1.          1.41421356  2.41421356]
 [ 7.82842712  6.82842712  5.82842712  4.82842712  3.82842712  2.82842712  2.41421356  2.          2.41421356  2.82842712]
 [ 8.24264069  7.24264069  6.24264069  5.24264069  4.24264069  3.82842712  3.41421356  3.          3.41421356  3.82842712]]
propagate
     0     1     2     3     4     5     6     7     8     9   
9: (1,9) (2,8) (3,8) (4,8) (5,8) (6,8) (7,8) (7,8) (7,8) (8,8) 
8: (1,8) (2,8) (3,8) (4,8) (5,8) (6,7) (7,7) (7,7) (7,7) (8,7) 
7: (1,7) (2,8) (3,8) (4,8) (5,8) (6,6) (7,6) (7,6) (7,6) (8,6) 
6: (1,7) (2,7) (2,7) (2,7) (3,5) (6,6) (7,6)   G   (7,6) (8,6) 
5: (1,6) (2,4) (2,4) (2,4) (3,5) (6,6) (7,6) (7,6) (7,6) (8,6) 
4: (1,4) (2,4) (3,3) (4,3) (5,3) (6,5) (7,5) (7,5) (7,5) (8,5) 
3: (1,3) (2,3) (3,3) (4,3) (5,3) (6,4) (7,4) (7,4) (7,4) (8,4) 
2: (1,2) (2,2) (3,3) (4,3) (5,3) (6,3) (7,3) (7,3) (7,3) (8,3) 
1: (1,2) (2,2) (3,2) (4,2) (5,2) (6,2) (7,2) (7,2) (7,2) (8,2) 
0: (1,1) (2,1) (3,1) (4,1) (5,1) (6,1) (7,1) (7,1) (7,1) (8,1) 

     0     1     2     3     4     5     6     7     8     9   
9: (1,9) (2,8) (3,8) (4,8) (5,8) (6,8) (7,8) (7,8) (7,8) (8,8) 
8: (1,8) (2,8) (3,8) (4,8) (5,8) (6,7) (7,7) (7,7) (7,7) (8,7) 
7: (1,7) (2,8) (3,8) (4,8) (5,8) (6,6) (7,6) (7,6) (7,6) (8,6) 
6: (1,7) (2,7) (2,7) (2,7) (3,5) (6,6) (7,6)   G   (7,6) (8,6) 
5: (1,6) (1,6) (2,6) (2,4) (3,5) (6,6) (7,6) (7,6) (7,6) (8,6) 
4: (0,5) (2,5) (2,5) (4,3) (5,3) (6,5) (7,5) (7,5) (7,5) (8,5) 
3: (0,4) (2,4) (2,4) (4,3) (5,3) (6,3) (7,4) (7,4) (7,4) (8,4) 
2: (0,3) (2,3) (2,3) (2,2) (5,3) (6,2) (7,3) (7,3) (7,3) (8,3) 
1: (1,2) (1,2) (2,2) (2,1) (5,2) (6,1) (7,2) (7,2) (7,2) (8,2) 
0: (0,1) (1,1) (2,1) (2,0) (5,1) (6,0) (7,1) (7,1) (7,1) (8,1) 

[[  1.   1.   1. 100. 100. 100.   1.   1.   1.   1.]
 [  1.   1.   1. 100. 100. 100.   1.   1.   1.   1.]
 [  1.   1.   1. 100. 100. 100.   1.   1.   1.   1.]
 [  1.   1.   1. 100. 100. 100.   1.   1.   1.   1.]
 [  1.   1.   1.  inf  inf  inf   1.   1.   1.   1.]
 [  1.   1.   1.  inf  inf  inf   1.   1.   1.   1.]
 [  1.   1.   1.  inf  inf  inf   1.   1.   1.   1.]
 [  1.   1.   1.  inf  inf  inf   1.   1.   1.   1.]
 [  1.   1.   1.   1.   1.   1.   1.   1.   1.   1.]
 [  1.   1.   1.   1.   1.   1.   1.   1.   1.   1.]]
[[14.07106781 13.65685425 13.24264069 61.15685425 77.24621202 56.91421356  6.41421356  6.          6.41421356  6.82842712]
 [13.07106781 12.65685425 12.24264069 60.15685425 76.24621202 55.91421356  5.41421356  5.          5.41421356  5.82842712]
 [12.07106781 11.65685425 11.24264069 59.74264069 75.24621202 54.91421356  4.41421356  4.          4.41421356  4.82842712]
 [11.07106781 10.65685425 10.24264069 55.32842712 54.32842712 53.91421356  3.41421356  3.          3.41421356  3.82842712]
 [10.07106781  9.65685425  9.24264069         inf         inf         inf  2.41421356  2.          2.41421356  2.82842712]
 [ 9.07106781  8.65685425  8.24264069         inf         inf         inf  1.41421356  1.          1.41421356  2.41421356]
 [ 8.65685425  7.65685425  7.24264069         inf         inf         inf  1.          0.          1.          2.        ]
 [ 8.24264069  7.24264069  6.24264069         inf         inf         inf  1.41421356  1.          1.41421356  2.41421356]
 [ 7.82842712  6.82842712  5.82842712  4.82842712  3.82842712  2.82842712  2.41421356  2.          2.41421356  2.82842712]
 [ 8.24264069  7.24264069  6.24264069  5.24264069  4.24264069  3.82842712  3.41421356  3.          3.41421356  3.82842712]]
[[1 2 3 4 5 6 7 7 7]
 [1 2 3 3 3 3 4 5 6]]
DstarStatus(cost=8.65685424949238)
